lambda (nm)		Irradiance (W/m2/nm)
280.0000393963506	0.00003939635060238622
280.5000394054373	0.00003940543728770136
281.0000394145198	0.000039414519806559516
281.50003942359814	0.000039423598138841474
282.0000394326723	0.000039432672264373467
282.50003944174216	0.00003944174216292704
283.00003945080783	0.000039450807814225156
283.5000394598692	0.00003945986919791931
284.0000394689263	0.00003946892629428426
284.5000394779791	0.000039477979083260465
285.00003948702755	0.000039487027547041325
285.5000394960716	0.00003949607169036243
286.0000395051114	0.00003950511152316037
286.50003951414675	0.00003951414757229204
287.0000395231777	0.000039523180406939856
287.5000395322042	0.00003953221507706233
288.0000395412262	0.00003954128856168093
288.5000395502438	0.00003955041542119001
289.0000395592569	0.000039559819532626513
289.50003956826544	0.00003957034034796998
290.0000395772695	0.00003958328627614219
290.50003958626894	0.00003960005194600723
291.00003959526384	0.00003963031583637107
291.50003960425414	0.00003971338412598168
292.0000396132398	0.00003988153979352865
292.5000396222208	0.00004004907081764314
293.0000396311972	0.0000404958571768977
293.50003964016884	0.00004191086884980608
294.00003964913583	0.0000438235358148231
294.50003965809805	0.00004624919805034446
295.00003966705555	0.000051957055534706585
295.50003967600827	0.0000675020082461865
296.00003968495616	0.0000875889561630016
296.5000396938993	0.00011103889926330949
297.0000397028375	0.00013650283752520787
297.5000397117709	0.00022579177092673438
298.0000397206994	0.00032960069944586634
298.50003972962304	0.00039761962306052054
299.0000397385418	0.0005318485417485535
299.5000397474555	0.0009004274554877604
300.00003975636423	0.0010602563642558762
300.500039765268	0.0012847652680305745
301.0000397741668	0.001969774166789467
301.5000397830605	0.0027311830605101046
302.0000397919492	0.0029606919491699767
302.5000398008327	0.00432380083274651
303.0000398097112	0.0071343097112170715
303.5000398185846	0.009019318584558962
304.0000398274527	0.009509927452749424
304.50003983631575	0.011992836315765636
305.0000398451736	0.01650284517358471
305.50003985402617	0.01875885402618371
306.00003986287356	0.018616862873539614
306.5000398717156	0.021147871715629353
307.00003988055244	0.02788888055242979
307.5000398893839	0.035674889383917725
308.00003989821005	0.0378768982100699
308.50003990703084	0.04146990703086298
309.0000399158463	0.040573915846273574
309.5000399246563	0.04334592465627822
310.00003993346087	0.050978933460853415
310.50003994226	0.06557994225997556
311.0000399510536	0.082961951053621
311.5000399598418	0.08411995984176604
312.0000399686244	0.09341596862438689
312.50003997740146	0.0990239774014597
313.00003998617296	0.10736998617296055
313.50003999493885	0.1076099949388655
314.00004000369916	0.11973000369915048
314.5000400124538	0.13064001245379137
315.0000400212028	0.136290021202764
315.50004002994604	0.11842002994604417
316.0000400386836	0.12352003868360753
316.50004004741544	0.1504000474154297
317.0000400561415	0.1716200561414863
317.50004006486176	0.18249006486175273
318.0000400735762	0.1759800735762045
318.50004008228484	0.18595008228481688
319.00004009098757	0.20474009098756524
319.50004009968444	0.19593009968442476
320.00004010837534	0.2053101083753706
320.5000401170604	0.24529011706037782
321.0000401257394	0.2502801257394215
321.5000401344125	0.2384701344124765
322.0000401430795	0.22207014307951775
322.5000401517405	0.21713015174052006
323.0000401603955	0.21230016039545815
323.5000401690443	0.2486501690443067
324.000040177687	0.27541017768704035
324.50004018632364	0.2832501863236336
325.00004019495407	0.27898019495406085
325.5000402035783	0.3244002035782965
326.0000402121963	0.381240212196315
326.5000402208081	0.4072602208080905
327.00004022941357	0.3981002294135972
327.5000402380128	0.3846902380128091
328.0000402466057	0.35120024660570043
328.50004025519223	0.371680255192245
329.0000402637724	0.4223902637724168
329.5000402723462	0.46882027234618956
330.00004028091354	0.4714302809135371
330.50004028947444	0.4280402894744331
331.00004029802886	0.4026602980288511
331.50004030657675	0.4181003065767647
332.00004031511816	0.4362703151181474
332.50004032365297	0.43923032365297243
333.0000403321812	0.4294803321812132
333.50004034070287	0.4072803407028429
334.00004034921784	0.41501034921783475
334.50004035772616	0.44513035772616183
335.0000403662278	0.46392036622779714
335.5000403747227	0.4531703747227136
336.0000403832109	0.4152303832108842
336.50004039169227	0.3821803916922815
337.0000404001669	0.3738404001668785
337.5000404086347	0.4005504086346476
338.00004041709553	0.4341504170955615
338.50004042554957	0.45531042554959267
339.00004043399673	0.4635904339967135
339.5000404424369	0.4745004424368963
340.00004045087013	0.5018404508701134
340.5000404592963	0.500750459296337
341.00004046771556	0.47143046771553915
341.5000404761277	0.4693904761276919
342.00004048453275	0.4893804845327673
342.50004049293074	0.507710492930737
343.00004050132156	0.514930501321573
343.50004050970523	0.48613050970524707
344.00004051808173	0.4184705180817307
344.500040526451	0.40311052645099543
345.000040534813	0.4590205348130129
345.50004054316776	0.4893605431677544
346.0000405515152	0.47782055151519137
346.5000405598553	0.486610559855295
347.000040568188	0.4940805681880364
347.5000405765134	0.4767805765133868
348.0000405848313	0.47515058483131706
348.5000405931418	0.4834005931417983
349.0000406014448	0.46568060144480117
349.5000406097403	0.4780906097402966
350.00004061802827	0.5280206180282552
350.50004062630865	0.5674506263086476
351.00004063458147	0.5517606345814443
351.5000406428466	0.5302606428466159
352.00004065110414	0.5179506511041325
352.50004065935394	0.48966065935396463
353.00004066759607	0.5204406675960823
353.50004067583046	0.5723206758304559
354.00004068405707	0.6050206840570551
354.50004069227583	0.6116006922758501
355.0000407004868	0.6114407004868109
355.5000407086899	0.5903207086899068
356.0000407168851	0.553910716885108
356.5000407250724	0.5194607250723838
357.0000407332517	0.45677073325170403
357.50004074142305	0.4621907414230379
358.00004074958633	0.43010074958635486
358.5000407577416	0.3993007577416242
359.0000407658888	0.4695707658888151
359.5000407740279	0.5655307740278968
360.00004078215886	0.5982107821588379
360.5000407902816	0.565350790281608
361.0000407983962	0.5202807983961754
361.5000408065025	0.5096008065025092
362.0000408146006	0.5342408146005778
362.5000408226903	0.5851408226903501
363.0000408307718	0.6019508307717943
363.5000408388449	0.5854508388448791
364.0000408469096	0.6063208469095729
364.50004085496585	0.6006208549658435
365.0000408630137	0.6236308630136594
365.500040871053	0.6863208710529887
366.0000408790838	0.7353608790837992
366.5000408871061	0.7366208871060589
367.00004089511975	0.7228908951197356
367.5000409031248	0.709180903124797
368.00004091112123	0.6676309111212106
368.5000409191089	0.6631409191089442
369.000040927088	0.6931909270879651
369.5000409350582	0.7447309350582406
370.0000409430197	0.755110943019738
370.50004095097245	0.6826509509724247
371.00004095891626	0.6934209589162673
371.50004096685126	0.7205509668512332
372.0000409747773	0.6744809747772893
372.50004098269443	0.6425709826944022
373.00004099060254	0.6189009906025386
373.5000409985017	0.5579009985016653
374.00004100639177	0.5564410063917488
374.50004101427277	0.5523110142727554
375.00004102214467	0.5893410221446517
375.5000410300074	0.6516610300074036
376.00004103786097	0.6748410378609775
376.50004104570536	0.6639410457053396
377.00004105354043	0.7122910535404555
377.5000410613663	0.7945910613662912
378.0000410691828	0.8559910691828128
378.50004107699	0.8342210769899855
379.00004108478777	0.7439310847877753
379.50004109257617	0.6668710925761473
380.0000411003551	0.7008111003550672
380.5000411081245	0.7507911081245002
381.0000411158844	0.7638711158844116
381.5000411236348	0.6884111236347664
382.00004113137555	0.5868211313755295
382.50004113910666	0.5076611391066661
383.00004114682815	0.45503114682814083
383.50004115453993	0.4405311545399184
384.000041162242	0.5097211622419636
384.50004116993426	0.6136311699342407
385.0000411776167	0.6735911776167143
385.5000411852894	0.6436711852893487
386.0000411929521	0.6210411929521081
386.500041200605	0.6457412006049567
387.00004120824786	0.6515112082478582
387.5000412158808	0.6420812158807772
388.0000412235037	0.6358612235036768
388.50004123111654	0.631401231116521
389.0000412387193	0.6854712387192735
389.5000412463119	0.759741246311898
390.0000412538944	0.7970312538943574
390.5000412614666	0.8037512614666155
391.00004126902866	0.8514212690286352
391.50004127658036	0.8634812765803798
392.00004128412183	0.7949712841218123
392.5000412916529	0.6626112916528955
393.0000412991736	0.47979129917359226
393.50004130668384	0.3815613066838653
394.0000413141837	0.49571131418367714
394.500041321673	0.6838913216729904
395.00004132915177	0.8077613291517673
395.50004133662	0.8604213366199704
396.00004134407754	0.7565913440775616
396.5000413515245	0.5502113515245031
397.00004135896074	0.4262313589607567
397.5000413663863	0.6294913663862844
398.000041373801	0.852531373801048
398.500041381205	1.0069413812050092
399.0000413885981	1.0693413885981293
399.50004139598036	1.1021413959803699
400.0000414033517	1.1141414033516923
401.0000414180614	1.160341418061427
402.000041432727	1.2061414327270221
403.00004144734817	1.161341447348164
404.0000414619245	1.1801414619245378
405.0000414764558	1.1511414764558268
406.0000414909417	1.122741490941712
407.0000415053819	1.102641505381873
408.000041519776	1.151441519775988
409.00004153412374	1.2299415341237325
410.0000415484248	1.0485415484247809
411.0000415626788	1.1738415626788057
412.00004157688545	1.247841576885477
413.00004159104446	1.1971415910444636
414.00004160515545	1.1842416051554323
415.00004161921805	1.2258416192180481
416.000041633232	1.262441633231974
417.0000416471969	1.231241647196871
418.0000416611124	1.177741661112398
419.0000416749782	1.225841674978213
420.000041688794	1.1232416887939711
421.0000417025593	1.2757417025593254
422.0000417162739	1.2583417162739277
423.00004172993744	1.2184417299374275
424.00004174354945	1.2117417435494722
425.0000417571097	1.2488417571097072
426.00004177061777	1.2135417706177767
427.00004178407335	1.1724417840733217
428.000041797476	1.1839417974759814
429.0000418108254	1.096341810825394
430.0000418241212	0.8746618241211943
431.000041837363	0.7939818373630161
432.0000418505505	1.3207418505504906
433.00004186368324	1.2288418636832468
434.0000418767609	1.135241876760912
435.0000418897831	1.2452418897831115
436.00004190274944	1.3659419027494673
437.0000419156596	1.394341915659601
438.00004192851316	1.2238419285131308
439.0000419413097	1.177541941309673
440.00004195404887	1.3499419540488424
441.00004196673024	1.3313419667302504
442.0000419793535	1.4250419793535074
443.00004199191824	1.4453419919182207
444.000042004424	1.4084420044239958
445.00004201687045	1.4619420168704358
446.00004202925714	1.310842029257142
447.0000420415837	1.4903420415837128
448.00004205384977	1.5081420538497445
449.00004206605485	1.5045420660548312
450.0000420781986	1.559542078198565
451.00004209028054	1.6173420902805347
452.0000421023003	1.548242102300328
453.00004211425755	1.4297421142575295
454.0000421261517	1.5335421261517215
455.00004213798246	1.522442137982484
456.0000421497494	1.5724421497493948
457.00004216145203	1.5854421614520287
458.00004217309	1.5514421730899588
459.00004218466273	1.5391421846627553
460.00004219617	1.5291421961699863
461.0000422076112	1.582742207611217
462.00004221898604	1.5975422189860105
463.0000422302939	1.6031422302939269
464.0000422415345	1.5544422415345245
465.0000422527074	1.5350422527073584
466.00004226381196	1.5673422638119814
467.00004227484794	1.4973422748479444
468.0000422858148	1.5619422858147942
469.0000422967121	1.5682422967120762
470.00004230753933	1.5077423075393332
471.0000423182961	1.5331423182961046
472.0000423289819	1.6126423289819283
473.00004233959635	1.5499423395963383
474.00004235013887	1.5671423501388664
475.00004236060903	1.6185423606090423
476.0000423710064	1.563142371006392
477.00004238133045	1.5724423813304398
478.0000423915807	1.6230423915807062
479.00004240175673	1.5916424017567095
480.000042411858	1.6181424118579657
481.00004242188396	1.6177424218839869
482.0000424318343	1.6236424318342835
483.0000424417084	1.603842441708362
484.00004245150575	1.5734424515057275
485.00004246122586	1.5683424612258805
486.0000424708683	1.2716424708683198
487.00004248043257	1.4241424804325407
488.00004248991803	1.5413424899180364
489.0000424993243	1.4519424993242962
490.0000425086508	1.6224425086508072
491.00004251789704	1.5595425178970528
492.00004252706253	1.4869425270625138
493.0000425361467	1.5903425361466685
494.000042545149	1.5525425451489911
495.00004255406895	1.648542554068954
496.000042562906	1.567642562906025
497.00004257165966	1.5944425716596704
498.00004258032936	1.5509425803293524
499.00004258891454	1.5507425889145303
500.0000425974147	1.5451425974146604
501.0000426058292	1.4978426058291958
502.00004261415756	1.496642614157586
503.0000426223993	1.565342622399278
504.0000426305537	1.4587426305537152
505.00004263862036	1.5635426386203375
506.00004264659856	1.6264426465985824
507.00004265448786	1.556042654487883
508.0000426622877	1.5165426622876697
509.00004266999736	1.5893426699973696
510.0000426776164	1.5481426776164067
511.0000426851442	1.5769426851442006
512.0000426925802	1.6186426925801687
513.0000426999237	1.5206426999237244
514.0000427071743	1.4885427071742776
515.0000427143312	1.531442714331235
516.000042721394	1.5455427213939998
517.000042728362	1.2594427283619714
518.0000427352345	1.440342735234546
519.0000427420111	1.3957427420111161
520.000042748691	1.523642748691071
521.0000427552737	1.5346427552737958
522.0000427617587	1.5690427617586724
523.0000427681451	1.4789427681450789
524.0000427744324	1.5905427744323897
525.00004278062	1.5781427806199757
526.0000427867072	1.534142786707204
527.0000427926934	1.3417427926934378
528.0000427985781	1.5357427985780372
529.0000428043603	1.6071428043603575
530.0000428100398	1.5446428100397511
531.0000428156155	1.629242815615566
532.0000428210872	1.5998428210871467
533.0000428264539	1.4286428264538336
534.000042831715	1.5302428317149632
535.0000428368699	1.5535428368698685
536.0000428419179	1.6199428419178776
537.0000428468583	1.4989428468583157
538.0000428516905	1.5738428516905036
539.0000428564138	1.5352428564137577
540.0000428610274	1.4825428610273907
541.0000428655308	1.4251428655307115
542.000042869923	1.5511428699230236
543.0000428742036	1.5256428742036285
544.0000428783718	1.5792428783718218
545.0000428824269	1.5435428824268955
546.0000428863682	1.529142886368137
547.0000428901948	1.5490428901948303
548.0000428939063	1.5049428939062546
549.0000428975017	1.552042897501685
550.0000429009804	1.5399429009803913
551.0000429043416	1.5382429043416406
552.0000429075847	1.5697429075846945
553.0000429107088	1.52504291070881
554.0000429137133	1.554942913713241
555.0000429165972	1.5634429165972352
556.00004291936	1.5366429193600373
557.0000429220008	1.4988429220008863
558.000042924519	1.5310429245190176
559.0000429269137	1.4483429269136614
560.000042929184	1.4740429291840433
561.0000429313294	1.559542931329385
562.0000429333489	1.4847429333489017
563.0000429352418	1.5408429352418063
564.0000429370073	1.5106429370073051
565.0000429386446	1.5201429386446006
566.0000429401529	1.43744294015289
567.0000429415313	1.532042941531366
568.0000429427793	1.5180429427792164
569.0000429438957	1.4807429438956237
570.0000429448797	1.4816429448797657
571.0000429457308	1.4331429457308156
572.0000429464479	1.513442946447941
573.0000429470304	1.5198429470303048
574.000042947477	1.511942947477065
575.0000429477874	1.4777429477873738
576.0000429479604	1.4654429479603792
577.0000429479952	1.5023429479952233
578.0000429478911	1.4560429478910433
579.000042947647	1.4770429476469715
580.0000429472622	1.502042947262134
581.0000429467357	1.5089429467356523
582.0000429460666	1.5320429460666427
583.0000429452542	1.5479429452542157
584.0000429442974	1.544842944297476
585.0000429431956	1.5324429431955242
586.0000429419474	1.4953429419474542
587.0000429405524	1.5281429405523543
588.0000429390093	1.4934429390093082
589.0000429373174	1.2894429373173935
590.0000429354757	1.3709429354756817
591.0000429334832	1.4662429334832392
592.0000429313392	1.4354429313391268
593.0000429290424	1.4561429290423993
594.0000429265921	1.4491429265921054
595.0000429239873	1.4308429239872884
596.000042921227	1.4745429212269854
597.0000429183102	1.4788429183102278
598.000042915236	1.4607429152360416
599.0000429120034	1.4606429120034454
600.0000429086115	1.4753429086114533
601.0000429050591	1.4579429050590722
602.0000429013453	1.4360429013453033
603.0000428974691	1.4664428974691417
604.0000428934296	1.4921428934295766
605.0000428892256	1.4895428892255902
606.0000428848562	1.4822428848561586
607.0000428803203	1.4911428803202527
608.0000428756168	1.4862428756168349
609.0000428707449	1.4749428707448635
610.0000428657033	1.4686428657032884
611.000042860491	1.4611428604910544
612.0000428551072	1.483142855107099
613.0000428495504	1.4621428495503532
614.0000428438198	1.4176428438197417
615.0000428379142	1.469742837914182
616.0000428318326	1.4310428318325854
617.0000428255738	1.4128428255738559
618.0000428191369	1.466442819136891
619.0000428125206	1.4733428125205816
620.0000428057239	1.4739428057238109
621.0000427987454	1.4802427987454556
622.0000427915844	1.426942791584386
623.0000427842394	1.4165427842394638
624.0000427767095	1.411842776709545
625.0000427689935	1.402642768993478
626.0000427610901	1.4012427610901035
627.0000427529983	1.4417427529982556
628.0000427447168	1.3631427447167608
629.0000427362444	1.4114427362444384
630.0000427275801	1.3924427275801
631.0000427187225	1.4161427187225497
632.0000427096705	1.3638427096705845
633.000042700423	1.4508427004229938
634.0000426909786	1.4284426909785584
635.000042681336	1.445842681336053
636.0000426714943	1.4128426714942435
637.0000426614519	1.4610426614518879
638.0000426512078	1.4707426512077366
639.0000426407605	1.464642640760533
640.000042630109	1.4340426301090112
641.0000426192519	1.4348426192518982
642.0000426081879	1.437642608187912
643.0000425969158	1.4525425969157633
644.0000425854341	1.4462425854341543
645.0000425737418	1.4567425737417796
646.0000425618373	1.4150425618373241
647.0000425497194	1.4086425497194657
648.0000425373869	1.3952425373868729
649.0000425248382	1.3519425248382064
650.0000425120721	1.3594425120721183
651.0000424990873	1.444742499087252
652.0000424858822	1.3871424858822414
653.0000424724557	1.4311424724557134
654.0000424588063	1.4153424588062844
655.0000424449325	1.3499424449325634
656.0000424308331	1.1851424308331493
657.0000424165066	1.2393424165066327
658.0000424019516	1.385542401951595
659.0000423871666	1.3905423871666085
660.0000423721502	1.399242372150236
661.0000423569011	1.393342356901032
662.0000423414175	1.3819423414175405
663.0000423256982	1.384442325698297
664.0000423097418	1.3967423097418272
665.0000422935467	1.421442293546647
666.0000422771112	1.4203422771112637
667.0000422604342	1.4102422604341742
668.0000422435139	1.4150422435138656
669.0000422263488	1.4394422263488156
670.0000422089375	1.4196422089374918
671.0000421912783	1.416942191278352
672.0000421733698	1.397242173369844
673.0000421552104	1.4094421552104053
674.0000421367985	1.4074421367984635
675.0000421181325	1.3958421181324363
676.0000420992108	1.4120420992107303
677.0000420800318	1.3991420800317425
678.0000420605938	1.4066420605938588
679.0000420408954	1.394742040895455
680.0000420209349	1.3969420209348962
681.0000420007106	1.3915420007105366
682.0000419802208	1.3981419802207202
683.0000419594638	1.3830419594637802
684.000041938438	1.3739419384380376
685.0000419171419	1.3748419171418038
686.0000418955734	1.3438418955733789
687.0000418737311	0.9682818737310509
688.0000418516131	1.1206418516130978
689.0000418292178	1.1278418292177854
690.0000418065433	1.1821418065433686
691.0000417835881	1.2333417835880909
692.0000417603502	1.2689417603501834
693.0000417368278	1.2609417368278661
694.0000417130193	1.2464417130193477
695.0000416889228	1.2714416889228246
696.0000416645365	1.2684416645364804
697.0000416398585	1.3403416398584886
698.000041614887	1.3192416148870088
699.0000415896202	1.2918415896201898
700.0000415640561	1.2823415640561668
701.000041538193	1.2659415381930637
702.000041512029	1.2674415120289915
703.0000414855621	1.2747414855620482
704.0000414587903	1.3078414587903204
705.0000414317119	1.3214414317118803
706.0000414043247	1.3144414043247887
707.0000413766271	1.3090413766270925
708.0000413486168	1.304841348616826
709.000041320292	1.3095413202920105
710.0000412916506	1.3175412916506533
711.0000412626907	1.315541262690749
712.0000412334102	1.307141233410279
713.0000412038072	1.2918412038072105
714.0000411738795	1.302941173879497
715.000041143625	1.258741143625079
716.0000411130419	1.2716411130418828
717.0000410821278	1.10714108212782
718.0000410508808	1.0296410508807896
719.0000410192987	0.923221019298675
720.0000409873793	0.985540987379346
721.0000409551207	1.0861409551206582
722.0000409225205	1.240740922520452
723.0000408895766	1.144440889576554
724.0000408562868	1.0555408562867754
725.0000408226489	1.0380408226489128
726.0000407886607	1.081340788660748
727.00004075432	1.0850407543200475
728.0000407196245	1.040040719624563
729.000040684572	1.04664068457203
730.0000406491602	1.1285406491601697
731.0000406133867	1.0703406133866868
732.0000405772493	1.1534405772492713
733.0000405407455	1.1962405407455965
734.0000405038733	1.2357405038733202
735.0000404666301	1.2178404666300844
736.0000404290136	1.2059404290135143
737.0000403910212	1.2039403910212194
738.0000403526508	1.226940352650793
739.0000403138998	1.1905403138998105
740.0000402747659	1.2195402747658328
741.0000402352464	1.214840235246402
742.000040195339	1.2153401953390444
743.0000401550412	1.2405401550412685
744.0000401143506	1.2503401143505666
745.0000400732644	1.2497400732644128
746.0000400317803	1.2470400317802641
747.0000399898955	1.2477399898955597
748.0000399476078	1.2401399476077215
749.0000399049142	1.2357399049141529
750.0000398618122	1.23413986181224
751.0000398182993	1.2286398182993497
752.0000397743728	1.2330397743728319
753.00003973003	1.2266397300300167
754.0000396852682	1.242039685268217
755.0000396400848	1.2383396400847255
756.0000395944768	1.2232395944768175
757.0000395484417	1.2221395484417477
758.0000395019767	1.229539501976753
759.0000394550791	1.1945394550790498
760.0000394077458	0.2660794077458361
761.0000393599743	0.1539993599742893
762.0000393117616	0.6876993117615674
763.0000392631048	0.37955926310480836
764.0000392140012	0.5388192140011301
765.0000391644477	0.68604916444763
766.0000391144414	0.8146491144413852
767.0000390639794	0.9742090639794522
768.0000390130589	1.1138390130588665
769.0000389616766	1.127838961676643
770.0000389098298	1.1608389098297753
771.0000388575153	1.1686388575152353
772.00003880473	1.177838804729974
773.0000387514709	1.1771387514709204
774.000038697735	1.177138697734982
775.000038643519	1.177138643519044
776.00003858882	1.1798385888199694
777.0000385336346	1.1727385336345992
778.0000384779597	1.1713384779597513
779.0000384217922	1.1765384217922215
780.0000383651288	1.163638365128782
781.0000383079662	1.1607383079661828
782.0000382503011	1.1662382503011497
783.0000381921304	1.1614381921303853
784.0000381334505	1.1536381334505692
785.0000380742583	1.158638074258356
786.0000380145503	1.159238014550377
787.0000379543233	1.1450379543232387
788.0000378935736	1.130537893573524
789.0000378322978	1.1257378322977902
790.0000377704926	1.0910377704925704
791.0000377081544	1.1058377081543722
792.0000376452797	1.0953376452796781
793.000037581865	1.087537581864945
794.0000375179065	1.0972375179066045
795.0000374534011	1.0932374534010616
796.0000373883447	1.0742373883446956
797.0000373227339	1.0913373227338594
798.0000372565648	1.1121372565648793
799.0000371898341	1.0905371898340546
800.0000371225376	1.072537122537658
801.0000370546719	1.0843370546719346
802.0000369862331	1.0856369862331023
803.0000369172174	1.0657369172173512
804.0000368476209	1.078236847620843
805.0000367774397	1.054536777439712
806.00003670667	1.0974367066700637
807.000036635308	1.085936635307975
808.0000365633495	1.0821365633494935
809.0000364907906	1.0548364907906382
810.0000364176274	1.055936417627399
811.0000363438558	1.0533363438557353
812.0000362694716	1.0268362694715771
813.0000361944708	1.0086361944708242
814.0000361188494	0.9035961188493461
815.000036042603	0.8952660426029814
816.0000359657275	0.832195965727538
817.0000358882188	0.8518658882187924
818.0000358100725	0.82262581007249
819.0000357312844	0.9052257312843441
820.00003565185	0.8619156518500363
821.0000355717652	0.9976755717652157
822.0000354910255	0.9516054910254991
823.0000354096264	0.6727454096264703
824.0000353275636	0.93509532756368
825.0000352448327	0.9693852448326455
826.0000351614289	0.9338451614288507
827.0000350773478	0.9846850773477449
828.0000349925847	0.8498249925847439
829.0000349071353	0.9293349071352284
830.0000348209945	0.9160448209945443
831.000034734158	0.9239547341580026
832.0000346466209	0.8942946466208787
833.0000345583784	0.956534558378412
834.0000344694258	0.9341544694258058
835.0000343797582	1.0032343797582277
836.0000342893708	0.9723742893708074
837.0000341982586	1.0092341982586388
838.0000341064168	0.999044106416777
839.0000340138403	1.0013340138402411
840.0000339205241	1.0157339205240106
841.000033826463	1.0101338264630273
842.0000337316521	0.9970637316521944
843.0000336360864	1.0053336360863763
844.0000335397604	0.9863435397603967
845.0000334426691	1.016533442669041
846.0000333448071	1.0187333448070541
847.0000332461691	0.9917332461691399
848.00003314675	0.9922031467499621
849.0000330465441	0.9859930465441428
850.0000329455463	0.8937529455462628
851.0000328437509	0.974962843750861
852.0000327411524	0.9693027411524336
853.0000326377454	0.964892637745435
854.0000325335243	0.8511525335242752
855.0000324284833	0.9130324284833222
856.0000323226169	0.973202322616899
857.0000322159193	0.9916922159192851
858.0000321083847	0.9919921083847152
859.0000320000074	0.9917420000073787
860.0000318907814	0.9881918907814199
861.000031780701	0.9868217807009368
862.00003166976	0.9945216697599819
863.0000315579525	1.0005315579525602
864.0000314452726	0.9791914452726301
865.0000313317141	0.9632713317141022
866.0000312172708	0.8490312172708391
867.0000311019367	0.9154911019366555
868.0000309857053	0.9592309857053164
869.0000308685705	0.9495908685705381
870.000030750526	0.9675807505259872
871.0000306315653	0.9539006315652797
872.000030511682	0.9668905116819813
873.0000303908696	0.957240390869606
874.0000302691216	0.9404502691216169
875.0000301464314	0.9269001464314245
876.0000300227924	0.9528000227923872
877.0000298981978	0.9561798981978097
878.0000297726409	0.9523997726409438
879.000029646115	0.9365896461149866
880.0000295186131	0.9395995186130816
881.0000293901284	0.9086393901283162
882.0000292606537	0.9324792606537229
883.0000291301823	0.9292991301822779
884.0000289987069	0.9330789987069009
885.0000288662204	0.9442588662204542
886.0000287327157	0.9075487327157428
887.0000285981855	0.9106485981855132
888.0000284626225	0.9223084626224533
889.0000283260192	0.9345783260191916
890.0000281883683	0.9239581883682966
891.0000280496623	0.9258680496622766
892.0000279098936	0.908837909893579
893.0000277690546	0.8732977690545891
894.0000276271377	0.8513276271376304
895.000027484135	0.8135974841349639
896.0000273400387	0.7625573400387865
897.0000271948412	0.6656871948412316
898.0000270485343	0.7178270485343681
899.0000269011102	0.5487369011101995
900.0000267525606	0.7426267525606637
901.0000266028776	0.5993566028776318
902.0000264520529	0.6679364520529083
903.0000263000783	0.6889163000782296
904.0000261469453	0.8445961469452639
905.0000259926456	0.8171159926456102
906.0000258371708	0.775605837170798
907.0000256805123	0.6385656805122862
908.0000255226614	0.6521955226614631
909.0000253636097	0.7043353636096445
910.0000252033481	0.6246952033480745
911.000025041868	0.6681050418679236
912.0000248791603	0.6889548791602887
913.0000247152162	0.628364715216192
914.0000245500265	0.6265145500265803
915.0000243835823	0.6783843835823244
916.0000242158742	0.5764842158742186
917.000024046893	0.7301940468929794
918.0000238766293	0.5927338766292448
919.0000237050735	0.7387937050735743
920.0000235322165	0.7441635322164469
921.0000233580482	0.7805133580482615
922.0000231825593	0.7002831825593352
923.0000230057399	0.7450630057399031
924.0000228275801	0.7215228275801171
925.0000226480701	0.7111226480700451
926.0000224671996	0.7033324671996707
927.0000222849588	0.7874422849588916
928.0000221013375	0.589702101337519
929.0000219163253	0.5512919163252773
930.0000217299119	0.4321217299118021
931.0000215420866	0.40923154208664064
932.0000213528392	0.3008813528392497
933.000021162159	0.2484311621589955
934.0000209700352	0.14382097003515246
935.000020776457	0.2508607764569023
936.0000205814133	0.16144058141333323
937.0000203848934	0.16340038489343875
938.0000201868861	0.20060018688611703
939.0000199873801	0.3988899873801696
940.0000197863643	0.4718297863643007
941.0000195838271	0.37196958382711587
942.0000193797571	0.4053393797571215
943.0000191741427	0.2783591741427232
944.0000189669722	0.28580896697222546
945.0000187582339	0.36822875823382994
946.0000185479156	0.19462854791563472
947.0000183360056	0.37113833600563334
948.0000181224917	0.2742481224917136
949.0000179073617	0.4939779073616564
950.0000176906032	0.14727769060313484
951.0000174722037	0.48379747220371283
952.0000172521509	0.26892725215084423
953.0000170304319	0.3436370304318716
954.0000168070341	0.42412680703402494
955.0000165819445	0.3411865819444207
956.00001635515	0.32822635515006043
957.0000161266378	0.2706861266378297
958.0000158963945	0.46102589639449676
959.0000156644068	0.3738656644067117
960.000015430661	0.42067543066100443
961.0000151951438	0.4612151951437844
962.0000149578414	0.4417549578413384
963.0000147187399	0.5050447187398298
964.0000144778253	0.4586144778252975
965.0000142350837	0.5037542350836537
966.0000139905006	0.5027639905006835
967.000013744062	0.5024137440620429
968.0000134957533	0.652113495753258
969.0000132455597	0.686233245559723
970.0000129934667	0.6346229934666991
971.0000127394593	0.7139827394593135
972.0000124835226	0.6876624835225569
973.0000122256413	0.6064922256412831
974.0000119658002	0.5753019658002072
975.0000117039839	0.5898817039839037
976.0000114401768	0.5719214401768055
977.0000111743632	0.6386511743632018
978.0000109065272	0.6151009065272377
979.0000106366529	0.638160636652911
980.0000103647241	0.6046903647240721
981.0000100907245	0.7133900907244213
982.0000098146375	0.692189814637508
983.0000095364468	0.6686595364467282
984.0000092561353	0.7373292561353239
985.0000089736864	0.6881789736863804
986.0000086890828	0.7508386890828251
987.0000084023075	0.7392884023074258
988.0000081133428	0.7346281133427884
989.0000078221714	0.749067822171356
990.0000075287754	0.7322775287754066
991.000007233137	0.753587233137051
992.0000069352383	0.7510269352382314
993.0000066350607	0.7372866350607193
994.0000063325862	0.7541063325861138
995.0000060277958	0.7517660277958396
996.0000057206712	0.7488457206711449
997.0000054111931	0.7397154111930996
998.0000050993426	0.7388750993425932
999.0000047851004	0.7385747851003329
1000.0000044684468	0.7353244684468415
1001.0000041493624	0.7444241493624552
1002.0000038278273	0.7280538278273215
1003.0000035038214	0.7344235038213976
1004.0000031773244	0.7233631773244475
1005.0000028483161	0.68174284831604
1006.0000025167756	0.712522516775547
1007.0000021826821	0.7275321826821404
1008.0000018460148	0.7268518460147905
1009.0000015067523	0.7197215067522639
1010.0000011648731	0.71914116487312
1011.0000008203557	0.72278082035571
1012.0000004731781	0.7187704731781737
1013.0000001233184	0.717610123318437
1013.9999997707542	0.7206797707542101
1014.999999415463	0.7081694154629845
1015.999999057422	0.7112890574220305
1016.9999986966084	0.7033686966083947
1017.9999983329989	0.7142183329988976
1018.9999979665702	0.6887779665701305
1019.9999975972985	0.6989575972984535
1020.99999722516	0.701747225159992
1021.9999968501306	0.6896968501306348
1022.999996472186	0.6950764721860307
1023.9999960913016	0.6905760913015858
1024.9999957074524	0.697525707452461
1025.9999953206136	0.6963553206135688
1026.9999949307596	0.6930449307595702
1027.999994537865	0.6938445378648719
1028.9999941419037	0.6862741419036239
1029.9999937428497	0.6905437428497154
1030.9999933406768	0.6873533406767722
1031.9999929353583	0.6878629353581538
1032.999992526867	0.6761225268669497
1033.999992115176	0.6801421151759767
1034.9999917002579	0.6823317002577751
1035.9999912820847	0.6820112820846059
1036.9999908606285	0.6749608606284472
1037.999990435861	0.6717104358609906
1038.9999900077537	0.6763500077536378
1039.9999895762776	0.6716895762774979
1040.9999891414034	0.6717491414033825
1041.9999887031017	0.6719887031018028
1042.9999882613429	0.6652382613429663
1043.9999878160968	0.6683178160967723
1044.9999873673328	0.664507367332809
1045.9999869150204	0.6471269150203489
1046.9999864591284	0.656926459128345
1047.9999859996253	0.6627259996254278
1048.99998553648	0.6589455364799002
1049.9999850696597	0.654615069659734
1050.9999845991326	0.6551945991325657
1051.9999841248657	0.6511641248656928
1052.999983646826	0.6491736468260684
1053.9999831649802	0.6464431649802982
1054.9999826792946	0.6484526792946355
1055.999982189735	0.6463921897349771
1056.9999816962668	0.6448016962668587
1057.9999811988555	0.6381611988554501
1058.9999806974656	0.6187306974655511
1059.9999801920617	0.6358301920615866
1060.9999796826075	0.6211896826076019
1061.9999791690673	0.6326391690672577
1062.9999786514038	0.6223686514038257
1063.99997812958	0.6319381295801832
1064.9999776035588	0.6291076035588085
1065.9999770733018	0.6171070733017752
1066.9999765387709	0.6202965387707479
1067.999975999927	0.6194159999269759
1068.9999754567314	0.5862354567312891
1069.9999749091442	0.6046649091440915
1070.9999743571254	0.6165843571253566
1071.9999738006347	0.6153338006346211
1072.999973239631	0.6036032396309796
1073.999972674073	0.6215526740730792
1074.9999721039192	0.5924921039191132
1075.999971529127	0.6146815291268151
1076.9999709496535	0.6043109496534531
1077.9999703654557	0.603180365455824
1078.9999697764902	0.6047097764902465
1079.9999691827124	0.5971891827125551
1080.999968584078	0.5807985840780943
1081.9999679805417	0.5893679805417117
1082.9999673720577	0.5981073720577511
1083.99996675858	0.5784867585800465
1084.9999661400618	0.5932661400619149
1085.999965516456	0.5540655164561495
1086.9999648877151	0.5669348877150132
1087.9999642537903	0.5931342537902308
1088.999963614633	0.5791536146329819
1089.9999629701938	0.5556929701938944
1090.999962320423	0.5883123204230362
1091.99996166527	0.5812016652699076
1092.9999610046834	0.5105410046834348
1093.999960338612	0.5396103386119607
1094.9999596670032	0.520629667003238
1095.9999589898043	0.5031889898044208
1096.999958306962	0.5784783069620564
1097.999957618422	0.502867618422077
1098.9999569241297	0.5076769241297915
1099.9999562240298	0.48572622402987725
1100.9999555180664	0.4969155180663704
1101.9999548061826	0.468784806182658
1102.9999540883214	0.46632408832146865
1103.9999533644248	0.46760336442486355
1104.9999526344343	0.5063926344342271
1105.9999518982902	0.3978718982902575
1106.9999511559329	0.4829911559329575
1107.9999504073016	0.4156004073016243
1108.9999496523349	0.4127296523348398
1109.9999488909705	0.4789388909704611
1110.9999481231457	0.33148812314560927
1111.9999473487967	0.41351734879665997
1112.9999465678593	0.26844656785923243
1113.9999457802683	0.2997957802681789
1114.9999449859577	0.24981498595757373
1115.9999441848606	0.20130418486070242
1116.99994337691	0.07956137691005029
1117.9999425620374	0.21747256203729107
1118.9999417401732	0.11311174017327534
1119.9999409112481	0.1418309112480186
1120.9999400751906	0.18580007519068958
1121.9999392319296	0.08162523192959763
1122.9999383813922	0.1281083813921806
1123.999937523505	0.10863752350499212
1124.9999366581937	0.14421665819368878
1125.999935785383	0.051524785383017226
1126.9999349049967	0.15718490499680057
1127.999934016958	0.09915801695792528
1128.9999331211884	0.10584312118832716
1129.999932217609	0.07050621760897757
1130.9999313061398	0.29553130613986917
1131.9999303867	0.2340403867000016
1132.9999294592074	0.15323945920736645
1133.999928523579	0.04166852357893278
1134.9999275797306	0.015389579730631642
1135.9999266275775	0.12868662757734067
1136.9999256670328	0.2877756670328684
1137.9999246980099	0.20321469800993816
1138.9999237204202	0.29842372042017196
1139.999922734174	0.2559127341740739
1140.999921739181	0.19329173918101297
1141.9999207353492	0.22471073534920652
1142.9999197225857	0.3117497225857022
1143.9999187007963	0.11317870079636064
1144.999917669886	0.14595766988583705
1145.9999166297575	0.15755662975756307
1146.9999155803137	0.05909158031372788
1147.9999145214554	0.2710445214552592
1148.9999134530817	0.21845345308180394
1149.9999123750918	0.12155237509170831
1150.999911287382	0.20331128738199788
1151.9999101898484	0.24753018984835698
1152.999909082385	0.23802908238510792
1153.999907964885	0.14238796488518982
1154.9999068372401	0.3130668372401369
1155.9999056993402	0.2808056993400566
1156.9999045510735	0.3144845510736072
1157.999903392328	0.3116133923279746
1158.9999022229888	0.3368322229888499
1159.9999010429403	0.28638104294040506
1160.9998998520653	0.347429852065269
1161.9998986502444	0.34991865024450325
1162.9998974373575	0.4684674373575766
1163.9998962132822	0.40177621328234014
1164.999894977895	0.38849497789500087
1165.9998937310702	0.3748337310700955
1166.9998924726804	0.40985247268046343
1167.9998912025972	0.41943120259721967
1168.9998899206898	0.42298992068972635
1169.9998886268256	0.45861862682556476
1170.9998873208706	0.44819732087050607
1171.9998860026885	0.4547160026884819
1172.9998846721417	0.4563046721415541
1173.99988332909	0.33680332908988425
1174.9998819733917	0.4522819733917022
1175.9998806049032	0.4766706049032741
1176.999879223479	0.4722292234788704
1177.9998778289707	0.3598778289707321
1178.9998764212291	0.48358642122903744
1179.9998750001018	0.44056500010186733
1180.999873565435	0.45501356543516996
1181.9998721170728	0.3230521170727259
1182.999870654856	0.43857065485611046
1183.9998691786247	0.4197191786246575
1184.9998676882153	0.40727768821542104
1185.9998661834632	0.47701618346313646
1186.9998646642002	0.4556146642001814
1187.9998631302565	0.3349031302565354
1188.9998615814598	0.4155515814597389
1189.9998600176348	0.4622500176348514
1190.9998584386044	0.44645843860440854
1191.9998568441883	0.4732168441883791
1192.9998552342042	0.45419523420412017
1193.9998536084663	0.46875360846633174
1194.999851966787	0.4468119667870111
1195.9998503089755	0.43116030897540475
1196.999848634838	0.4769986348379612
1197.9998469441782	0.4337669441782812
1198.999845236797	0.3647352367970681
1199.9998435124921	0.44809351249207613
1200.999841771058	0.4369217710580588
1201.9998400122868	0.4370100122867152
1202.9998382359665	0.4339282359666358
1203.9998364418832	0.3623064418832471
1204.9998346298187	0.43675462981875446
1205.999832799552	0.4806927995520846
1206.9998309508587	0.42969095085882664
1207.9998290835113	0.4332890835111713
1208.999827197278	0.4141071972778499
1209.999825291924	0.4531852919240711
1210.9998233672115	0.42214336721145657
1211.9998214228979	0.4247114228979758
1212.9998194587379	0.4693794587378787
1213.9998174744817	0.43388747448162746
1214.9998154698758	0.4276154698758263
1215.9998134446632	0.4662134446631505
1216.9998113985823	0.45509139858227315
1217.9998093313677	0.45914933136779046
1218.9998072427502	0.44643724275014607
1219.9998051324555	0.4578551324555528
1220.999803000206	0.46511300020591334
1221.9998008457187	0.45119084571873885
1222.9997986687072	0.4438586687070659
1223.9997964688794	0.4478764688793717
1224.9997942459395	0.46215424593948734
1225.9997919995865	0.4679819995865086
1226.9997897295148	0.43282972951470594
1227.9997874354135	0.46636743541343123
1228.9997851169671	0.46699511696702334
1229.9997827738548	0.4598127738547107
1230.9997804057505	0.47181040575051286
1231.999778012323	0.46610801232313837
1232.9997755932359	0.4537455932358816
1233.9997731481465	0.4699331481465166
1234.9997706767072	0.4648106767071883
1235.9997681785644	0.46884817856430194
1236.9997656533585	0.4631556533584093
1237.999763100724	0.46773310072409263
1238.9997605202898	0.4624805202898459
1239.999757911678	0.46052791167795265
1240.9997552745044	0.46172527450436246
1241.9997526083785	0.46222260837856277
1242.9997499129036	0.4572899129034488
1243.9997471876752	0.45502718767519024
1244.999744432283	0.4562944322830944
1245.9997416463095	0.4591916463094666
1246.9997388293295	0.4571988293294667
1247.999735980911	0.45833598091096306
1248.9997331006143	0.4593931006143817
1249.9997301879926	0.4567801879925531
1250.9997272425906	0.45230724259055455
1251.9997242639456	0.4506942639455491
1252.9997212515866	0.4474512515866202
1253.9997182050347	0.4433482050346023
1254.999715123802	0.45041512380190807
1255.9997120073924	0.43994200739235034
1256.999708855301	0.43502885530096025
1257.9997056670138	0.4446656670138009
1258.9997024420077	0.4269524420077759
1259.9996991797505	0.43079917975043375
1260.9996958796999	0.4111558796997672
1261.999692541304	0.3953625413040071
1262.9996891640014	0.39987916400141155
1263.9996857472202	0.3711657472200496
1264.9996822903777	0.3953822903775795
1265.999678792881	0.38494879288102096
1266.9996752541265	0.3878952541265222
1267.999671673499	0.37018167349912057
1268.9996680503725	0.24618805037249705
1269.9996643841087	0.3871043841087246
1270.999660674058	0.4079106740580098
1271.9996569195584	0.408446919558428
1272.9996531199356	0.40590311993565115
1273.9996492745026	0.40578927450266894
1274.9996453825595	0.41197538255950245
1275.9996414433929	0.41657144339291
1276.999637456276	0.41964745627608546
1277.9996334204684	0.42726342046834864
1278.9996293352149	0.424189335214827
1279.999625199746	0.42166519974612915
1280.999621013278	0.41297101327800956
1281.999616775011	0.37266677501102397
1282.9996124841302	0.40694248413017586
1283.9996081398046	0.4203881398045526
1284.999603741187	0.42359374118695264
1285.9995992874135	0.42673928741350164
1286.9995947776033	0.42172477760325816
1287.9995902108578	0.4194802108578089
1288.9995855862608	0.40894558626085237
1289.9995809028778	0.4124309028777708
1290.9995761597552	0.4174361597551903
1291.9995713559206	0.39575135592052874
1292.9995664903815	0.41213649038153083
1293.9995615621258	0.4037715621257897
1294.9995565701201	0.40469657012025523
1295.9995515133107	0.38912151331072836
1296.9995463906214	0.37084639062134067
1297.9995412009541	0.3913712009540192
1298.999535943188	0.4080559431879357
1299.9995306161788	0.3526506161789398
1300.999525218759	0.36180521875897564
1301.9995197497356	0.3913297497354821
1302.9995142078908	0.34572420789077435
1303.9995085919813	0.30012859198140757
1304.9995029007375	0.38332290073752256
1305.9994971328622	0.3840271328621706
1306.9994912870307	0.30543128703061906
1307.9994853618896	0.34644536188963576
1308.9994793560568	0.383609356056752
1309.9994732681196	0.300613268119503
1310.9994670966346	0.33312709663464574
1311.9994608401273	0.33283084012735226
1312.9994544970905	0.31297449709037867
1313.9994480659832	0.2877780659832085
1314.999441545231	0.2852515452311698
1315.9994349332246	0.32362493322452396
1316.9994282283176	0.3115982283175273
1317.9994214288274	0.33270142882746206
1318.9994145330336	0.26796453303363793
1319.9994075391764	0.2581275391763614
1320.9994004454559	0.29806044545587224
1321.9993932500313	0.3015632500312469
1322.9993859510193	0.2321759510192655
1323.9993785464933	0.26186854649324354
1324.9993710344818	0.3216110344818251
1325.9993634129678	0.279873412967737
1326.9993556798865	0.26560567988650247
1327.999347833125	0.23384783312511245
1328.9993398705205	0.176929870520653
1329.9993317898588	0.2285617898588876
1330.9993235888728	0.14412358887279214
1331.999315265241	0.14510526524104078
1332.9993068165863	0.20234681658644144
1333.9992982404742	0.16854824047431788
1334.9992895344108	0.23045953441083747
1335.9992806958412	0.18276069584128193
1336.9992717221483	0.16381172214825848
1337.9992626106498	0.17730261064985003
1338.9992533585978	0.17606335859770103
1339.999243963175	0.1675539631750371
1340.9992344214945	0.16962442149461546
1341.9992247305966	0.1772047305966033
1342.9992148874464	0.12632488744638184
1343.9992048889324	0.07484988893227203
1344.999194731863	0.10823473186317971
1345.999184412966	0.05737041296615637
1346.999173928884	0.05929292888387211
1347.9991632761719	0.003908376171997411
1348.9991524512966	0.01531145129648967
1349.9991414506308	0.0151664506307807
1350.999130270453	0.003760070452860969
1351.9991189069422	0.0006353069422562618
1352.9991073561769	-0.0007965478231078092
1353.9990956141298	-0.0006142958701581961
1354.999083676666	-0.0009127199340487257
1355.9990715395384	-0.0008803904616615616
1356.9990591983847	-0.0008690156152413214
1357.9990466487238	-0.000949156476167609
1358.9990338859511	-0.0009653796588720109
1359.999020905335	-0.0009769542649059068
1360.999007702013	-0.0009922931738657477
1361.9989942709858	-0.0010057289962068041
1362.9989806071148	-0.0010162365851847234
1363.9989667051161	-0.00103193598383661
1364.9989525595558	-0.001047440435093337
1365.9989381648447	-0.001049044155206407
1366.9989235152336	-0.001071508366389918
1367.998908604807	-0.0010913951929809524
1368.9988934274775	-0.0011060558525669932
1369.9988779769803	-0.0011217310195850937
1370.998862246867	-0.0011377334020524653
1371.9988462304977	-0.001151019702332934
1372.9988299210358	-0.0011256779640615292
1373.9988133114407	-0.0010075185592033026
1374.9987963944595	-0.0008802855404079905
1375.9987791626204	-0.0009633573796747324
1376.9987616082237	-0.0011156917763418478
1377.9987437233347	-0.0001473766654174907
1378.9987254997736	-0.0012223362262678674
1379.9987069291083	-0.0012114838916806269
1380.9986880026427	-0.001309625757322011
1381.9986687114083	-0.001328721391607397
1382.998649046154	-0.0013509098290059693
1383.9986289973342	-0.0013703857758014157
1384.9986085550986	-0.0013893550013318265
1385.9985877092802	-0.0014097692197332658
1386.9985664493827	-0.001234590617212924
1387.9985447645681	-0.0014512092318792512
1388.998522643643	-0.0008963763571580741
1389.9985000750441	-0.0010066449558254207
1390.9984770468252	-0.0011791131746895604
1391.9984535466401	-0.0015226713599567504
1392.9984295617267	-0.001454578273317206
1393.9984050788912	-0.0015193951087900447
1394.9983800844896	-0.001619244150368288
1395.9983545644095	-0.0016454292690075395
1396.9983285040505	-0.0016224389495046163
1397.9983018883042	-0.0004277116958153074
1398.9982747015326	-0.0009130384673634753
1399.998246927546	-0.001753069207297016
1400.9982185495796	-0.001781439892449693
1401.998189550268	0.00002485026802837606
1402.9981599116209	0.000539911620804782
1403.9981296149942	-0.001131465005807692
1404.998098641063	-0.0019009944970058855
1405.9980669697904	0.00011176979048590488
1406.998034580397	-0.0017908496031509315
1407.998001451326	-0.00034924867403694185
1408.9979675602106	-0.0014132497895408672
1409.997932883835	-0.0016005861650689897
1410.9978973980972	0.000011598097190861946
1411.9978610779674	0.0005006779674514841
1412.9978238974454	0.02117689744530725
1413.9977858295144	-0.001850390485622368
1414.9977468460945	-0.0020694939055324988
1415.997706917991	0.03327191799108827
1416.9976660148423	0.00942501484217272
1417.9976241050617	0.011183105061804508
1418.9975811557808	-0.00027464421922953567
1419.9975371327837	0.0058089327837297314
1420.997492000443	0.006655700442778891
1421.9974457216472	0.0437597216471758
1422.997398257729	0.006618057728967307
1423.9973495683842	0.014324568384246866
1424.9972996115898	0.023149611589747418
1425.9972483435145	0.02504034351445243
1426.997195718426	0.0467417184258837
1427.9971416885908	0.0017004885906980087
1428.9970862041691	0.0351062041691962
1429.9970292131034	0.058630213103316745
1430.9969706609977	0.04712666099765227
1431.996910490993	-0.0005701090070096781
1432.996848643632	0.032682643631839536
1433.9967850567155	0.01774705671535849
1434.996719665151	0.01813566515105663
1435.9966524007905	0.03500340079058467
1436.9965831922568	0.026463192256874487
1437.9965119647597	0.009774964759826511
1438.9964386398997	0.04747763989967433
1439.9963631354572	0.03596413545708146
1440.996285365169	0.028085365168943686
1441.9962052384888	0.032522238488780476
1442.9961226603305	0.04118566033050079
1443.9960375307942	0.05782853079422045
1444.9959497448726	0.045700744872689485
1445.9958591921368	0.018954192136757347
1446.9957657563982	0.03198075639815997
1447.9956693153476	0.11135931534775442
1448.9955697401672	0.09769974016715186
1449.9954668951116	0.022878895111506904
1450.995360637061	0.006631637061008687
1451.9952508150384	0.0576118150383825
1452.9951372696894	0.07711526968945134
1453.9950198327235	0.13260983272351687
1454.99489832631	0.06104832630999977
1455.9947725624274	0.08328156242742339
1456.9946423421604	0.11164234216043065
1457.99450745494	0.13093745494008371
1458.9943676777223	0.15743767772220876
1459.994222774098	0.07964377409800176
1460.9940724933306	0.08434849333050506
1461.99391656931	0.12451656930988551
1462.9937547194197	0.03697971941968622
1463.9935866433054	0.14542664330537627
1464.9934120215355	0.0867950215355717
1465.9932305141451	0.05842751414523501
1466.993041759049	0.02909575904896427
1467.9928453703112	0.06978737031113755
1468.992640936258	0.08748593625816536
1469.9924280174164	0.0421060174163989
1470.9922061442574	0.010054144257320041
1471.9919748147295	0.03874581472946805
1472.9917334915542	0.061931491554105066
1473.9914815992588	0.08882059925884603
1474.9912185209203	0.17584852092033343
1475.9909435945835	0.05972159458346906
1476.9906561093208	0.060392109320664134
1477.9903553008899	0.05383530088996187
1478.9900403469455	0.11005034694564465
1479.989710361749	0.05034736174896274
1480.98936439032	0.1046543903198074
1481.9890014019625	0.04749140196236763
1482.988620283089	0.1372102830889132
1483.9882198292557	0.12568982925566574
1484.9877987363132	0.11282873631305845
1485.9873555905592	0.11075559055931657
1486.986888857771	0.04751785777095291
1487.9863968709662	0.08057687096616444
1488.9858778167368	0.17560781673688633
1489.985329719962	0.16010971996201318
1490.9847504266875	0.1825304266875738
1491.984137584929	0.14854758492892764
1492.9834886231147	0.1650586231147494
1493.982800725852	0.18647072585202285
1494.9820708066447	0.164600806644749
1495.9812954771457	0.149815477145784
1496.9804710124604	0.2089710124603168
1497.97959331195	0.16927331195009318
1498.9786578549088	0.19624785490874344
1499.9776596503898	0.2282696503897152
1500.9765931803688	0.2421131803688226
1501.975452335313	0.20901233531317173
1502.9742303411078	0.15916034110779578
1503.9729196761625	0.13320967616244386
1504.971511977387	0.15553197738711605
1505.9699979335924	0.22772793359235
1506.9683671647492	0.22350716474930216
1507.9666080854518	0.2096280854518343
1508.9647077508837	0.15160775088372455
1509.9626516836477	0.23317168364771973
1510.9604236800178	0.22516368001778925
1511.958005594618	0.21868559461807707
1512.9553771033384	0.19776710333841765
1513.952515445651	0.17822544565103016
1514.9493951496613	0.2151251496612133
1515.9459877465845	0.20281774658437565
1516.942261486425	0.19155148642486303
1517.938181074178	0.19029107417798913
1518.9337074568925	0.17807745689260543
1519.9287977077543	0.19329770775419086
1520.9234050756852	0.19845507568527018
1521.9174792998645	0.18125929986450967
1522.910967330258	0.19100733025794137
1523.9038146496239	0.1792046496238056
1524.8959674599614	0.15480745996140888
1525.8873760739516	0.15482607395171016
1526.8779999292608	0.1401999292607636
1527.8678146971815	0.14709469718144
1528.8568219421968	0.12926194219671983
1529.8450616306989	0.1002816306987784
1530.832627376055	0.10235737605485173
1531.819683513137	0.09807351313709109
1532.8064818186426	0.08362181864260804
1533.793373979345	0.062293979344947514
1534.7808141273792	0.04767412737921553
1535.7693447694494	0.04398476944944224
1536.759560541548	0.03292054154797991
1537.7520486339058	0.024068633905886844
1538.7473124513676	0.02026245136753102
1539.7456937719098	0.010603771909755477
1540.7473138597588	0.016353859758735767
1541.752051450706	0.021321450706048628
1542.7595647667927	0.03164476679260361
1543.7693504031918	0.04145040319178675
1544.7808211696904	0.05787116969029521
1545.7933824303136	0.06819243031353434
1546.8064916783753	0.07958167837523458
1547.819694781758	0.08644478175805365
1548.8326400537062	0.1060600537062143
1549.8450757175403	0.114975717540377
1550.8568374384063	0.12741743840616748
1551.867831602954	0.13965160295413231
1552.87801824481	0.14933824480988472
1553.8873957995083	0.1521357995082394
1554.895988595774	0.1635785957741282
1555.9038371959593	0.1669371959593069
1556.9109912874007	0.18161128740063498
1557.9175046681166	0.18598466811663317
1558.923431855367	0.19151185536689785
1559.9288258992033	0.19450589920324368
1560.9337370604649	0.20375706046486125
1561.9382120902471	0.2057720902470942
1562.9422939153824	0.20896391538234324
1563.9460215888396	0.20866158883964891
1564.9494304056416	0.21671040564160232
1565.9525521158018	0.21500211580177564
1566.9554151881227	0.21849518812269203
1567.958045094517	0.21526509451699927
1568.9604645955305	0.21498459553043944
1569.9626940152912	0.20444401529115475
1570.964751499193	0.19982149919299436
1571.96665325098	0.2044032509799984
1572.9684137480674	0.20248374806744696
1573.9700459352896	0.21149593528960647
1574.9715613980707	0.21130139807067838
1575.9729705164575	0.21975051645758806
1576.974282601658	0.19030260165789942
1577.9755060167797	0.210666016779734
1578.9766482834316	0.21336828343148492
1579.9777161757463	0.22235617574628244
1580.9787158032752	0.2274158032752058
1581.9796526840607	0.22160268406064854
1582.9805318090673	0.22808180906739361
1583.98135769902	0.230397699020065
1584.982134454575	0.24087445457519507
1585.9828658006459	0.2385558006458979
1586.9835551255976	0.2365851255976457
1587.9842055159447	0.23527551594479157
1588.9848197870988	0.2171497870987322
1589.9854005106492	0.22719051064920068
1590.9859500385992	0.22792003859927273
1591.9864705249213	0.23872052492138301
1592.9869639447552	0.2452939447551293
1593.9874321115271	0.24367211152709806
1594.9878766922377	0.24610669223764398
1595.9882992211287	0.23281922112883652
1596.988701111921	0.23562111192106405
1597.9890836687825	0.24329366878253858
1598.9894480961757	0.23146809617571615
1599.989795507707	0.22789550770703765
1600.990126934091	0.21335693409105844
1601.9904433303266	0.2145733303266657
1602.9907455821715	0.21471558217142256
1603.99103451199	0.2194545119898954
1604.9913108840428	0.22814088404292585
1605.991575409277	0.23297540927702418
1606.9918287496662	0.22478874966624737
1607.9920715221529	0.2219715221529497
1608.9923043022286	0.21957430222855145
1609.9925276271908	0.21012762719086486
1610.9927419991104	0.21954199911046493
1611.9929478875351	0.22370788753502427
1612.9931457319574	0.23033573195738744
1613.9933359440704	0.23171594407038118
1614.993518909829	0.23455890982890715
1615.9936949913376	0.2241949913376899
1616.993864528581	0.22851452858113305
1617.99402784101	0.23754784101003112
1618.9941852289983	0.2351852289983704
1619.994336975182	0.22882697518210865
1620.9944833456907	0.22878334569062617
1621.9946245912804	0.23216459128047448
1622.9947609483802	0.23722094838009913
1623.9948926400534	0.23758264005336358
1624.995019876889	0.23283987688894414
1625.995142857822	0.2348528578219859
1626.9952617708939	0.23604177089380354
1627.9953767939548	0.2366367939548655
1628.9954880953157	0.23685809531581054
1629.9955958343508	0.23210583435080842
1630.9957001620571	0.2337601620571794
1631.9958012215748	0.23401122157483356
1632.9958991486687	0.2285691486687696
1633.9959940721776	0.22881407217758476
1634.9960861144307	0.22975611443068597
1635.9961753916366	0.2315653916366576
1636.996262014245	0.2232620142450276
1637.9963460872834	0.21641608728348094
1638.9964277106724	0.2166877106723955
1639.9965069795185	0.21161697951841496
1640.9965839843887	0.21618398438863246
1641.996658811567	0.21747881156682541
1642.996731543293	0.21208154329306486
1643.9968022579878	0.22035225798791372
1644.9968710304624	0.2150910304623309
1645.9969379321144	0.21442793211430738
1646.997003031113	0.2246830311131796
1647.9970663925724	0.21361639257249013
1648.9971280787122	0.21579807871219822
1649.997188149011	0.22244814901097953
1650.9972466603492	0.2057966603492981
1651.9973036671438	0.22103366714388079
1652.9973592214742	0.2201292214741774
1653.9974133732014	0.21324337320134495
1654.9974661700803	0.21977617008025474
1655.997517657865	0.21852765786498413
1656.9975678804083	0.21979788040822068
1657.997616879755	0.22248687975497505
1658.997664696231	0.21886469623097093
1659.997711368526	0.22103136852605268
1660.997756933773	0.22159693377292874
1661.9978014276217	0.21688142762154458
1662.9978448843094	0.22019488430935977
1663.9978873367277	0.2188673367277836
1664.997928816485	0.20970881648500672
1665.9979693539653	0.17680935396544983
1666.998008978386	0.20868897838603478
1667.9980477178494	0.21263771784947072
1668.9980855993947	0.21324559939473367
1669.998122649045	0.21980264904490732
1670.9981588918524	0.21694889185254
1671.9981943519426	0.20966435194266475
1672.9982290525536	0.21451905255361814
1673.9982630160757	0.2140130160757849
1674.9982962640884	0.2118962640883883
1675.9983288173944	0.20977881739443707
1676.9983606960539	0.21065069605393427
1677.9983919194156	0.2075419194154446
1678.9984225061462	0.21145250614611344
1679.9984524742601	0.20403247426022242
1680.9984818411463	0.19295184114636282
1681.9985106235933	0.20217062359330254
1682.9985388378145	0.20759883781461735
1683.9985664994722	0.19653649947215374
1684.9985936236983	0.21180362369838576
1685.9986202251177	0.208880225117725
1686.9986463178668	0.20348631786683946
1687.998671915614	0.20880191561403294
1688.9986970315776	0.20587703157773474
1689.9987216785441	0.20395167854414561
1690.998745868884	0.19177586888408368
1691.998769614569	0.20584961456907133
1692.9987929271867	0.210132927186702
1693.9988158179553	0.2035858179553232
1694.998838297738	0.2085182977380702
1695.9988603770562	0.20808037705628327
1696.9988820661024	0.1799520661023388
1697.998903374752	0.20629337475192336
1698.9989243125758	0.2044343125757785
1699.998944888851	0.1986948888509414
1701.9989849924589	0.20294499245893255
1704.9990426524519	0.19682265245182876
1709.9991326176214	0.18703261762149365
1714.9992156705714	0.188865670571348
1719.999292577854	0.18627257785398613
1724.999364005301	0.17744400530101886
1729.9994305335629	0.17350053356291228
1734.9994926709294	0.1610326709294078
1739.9995508639606	0.16773086396058065
1744.9996055063452	0.15441550634528775
1749.9996569463167	0.1653169463167041
1754.9997054928874	0.1527154928873174
1759.9997514211134	0.15973142111334224
1764.9997949765575	0.1326349765574746
1769.9998363790867	0.14155637908658247
1774.9998758261154	0.11471582611532542
1779.9999134953864	0.1004134953863153
1784.9999495473612	0.07693054736111746
1789.9999841272834	0.08888812728327998
1795.000017366964	0.04694836696398325
1800.0000493863324	0.03187738633230893
1805.0000802947852	0.014895294785123515
1810.0001101923658	0.00980129236584272
1815.0001391707967	0.0034207707966373837
1820.0001673143847	0.001154864384762009
1825.0001947008204	0.0014691008204774157
1830.0002214018814	0.00022660598137377435
1835.0002474840558	0.00025390305568016554
1840.0002730090953	0.00027307179829125726
1845.0002980345078	0.0003043003076861103
1850.0003226139945	0.00032561329460612616
1855.0003467978443	0.0003470818042561751
1860.000370633283	0.0003817842828602816
1865.0003941647906	0.000411146790612547
1870.0004174343865	0.00041743465301191684
1875.000440481885	0.00044048233633682196
1880.0004633451306	0.0005408501304867472
1885.0004860602078	0.000529950207679343
1890.0005086616356	0.0007319916357328493
1895.0005311825446	0.0006606525446353122
1900.0005536548374	0.0005545170473967338
1905.0005761093394	0.0005766760093915816
1910.0005985759365	0.0006216209364216638
1915.0006210837028	0.0006410307028587706
1920.000643661021	0.0010943510210789321
1925.0006663356933	0.0016024856932724428
1930.0006891350465	0.0012415550466032782
1935.0007120860325	0.004305586032595881
1940.0007352153216	0.004017315321544592
1945.0007585493927	0.011621549392669612
1950.0007821146207	0.017509114620681863
1955.0008059373595	0.010841937359366359
1960.0008300440227	0.022736044022748588
1965.0008544611644	0.029417461164370218
1970.0008792155552	0.04972621555516821
1975.0009043342604	0.06876133426042501
1980.0009298447162	0.07644184471623562
1985.000955774806	0.08401877480592042
1990.0009821529368	0.08659515293679967
1995.0010090081178	0.08219900811773677
2000.0010363700378	0.039192370037851636
2005.0010642691468	0.01606526914680428
2010.001092736737	0.04084073673704972
2015.0011218050286	0.027769805028470193
2020.0011515072558	0.04613250725579876
2025.0011818777593	0.07519187775925934
2030.001212952079	0.08606895207886249
2035.0012447670529	0.09763076705281407
2040.0012773609205	0.09105836092051445
2045.0013107734308	0.0923847734306506
2050.001345045955	0.06927204595491131
2055.001380221608	0.05628622160788724
2060.001416345374	0.07060934537375382
2065.0014534642405	0.06332846424037455
2070.0014916273417	0.06716762734150722
2075.001530886108	0.07897388610784466
2080.001571294428	0.08838329442767705
2085.001612908818	0.08671490881802253
2090.001655788607	0.09075578860713988
2095.0016999961294	0.0914469961294102
2100.0017455969337	0.08787859693365466
2105.0017926600062	0.09494566000604407
2110.001841258009	0.09149525800885205
2115.0018914675366	0.09356446753641008
2120.0019433693897	0.08953136938973752
2125.0019970488715	0.09062904887144738
2130.0020525961027	0.09182659610266537
2135.002110106364	0.09215410636385118
2140.0021696804615	0.09293668046157486
2145.0022314251237	0.0917174251234792
2150.002295453424	0.08693445342385381
2155.0023618852424	0.08720188524245584
2160.0024308477596	0.08660084775944148
2165.0025024759893	0.07881247598951702
2170.0025769133586	0.08457291335868465
2175.002654312327	0.0831023123272423
2180.002734835063	0.08454283506300134
2185.002818654169	0.07736865416901108
2190.0029059534704	0.08197395347042208
2195.0029969288653	0.08198892886548155
2200.003091789246	0.07429378924603097
2205.0031907574935	0.07720075749326433
2210.003294071555	0.08260907155489904
2215.0034019856103	0.07967498561030541
2220.0035147713306	0.08124477133052045
2225.0036327192406	0.07908571924042714
2230.0037561401905	0.07952914019068866
2235.003885366947	0.0781843669472672
2240.0040207559064	0.07713875590649129
2245.004162688944	0.0750006889436274
2250.004311575403	0.07624857540269968
2255.004467854235	0.07215785423482093
2260.0046319962917	0.07156099629145413
2265.004804506778	0.07294150677770404
2270.004985927869	0.0698529278687961
2275.00517684149	0.0691978414901495
2280.0053778722577	0.07166587225766193
2285.0055896905696	0.06866969056970067
2290.0058130158354	0.06903301583547493
2295.0060486198154	0.06731361981548928
2300.0062973300383	0.06512133003808526
2305.006560033241	0.06573103324096696
2310.006837678767	0.07070767876722274
2315.007131281821	0.06527228182065492
2320.007441926454	0.059472926453952954
2325.007770768124	0.06398576812388869
2330.0081190355986	0.06494303559849902
2335.00848803194	0.0664550319400977
2340.0088791342127	0.05471513421259511
2345.0092937914696	0.0606937914694564
2350.009733520467	0.051269520467032835
2355.0101998984146	0.057672898414396725
2360.0106945519133	0.06093155191308559
2365.011219141057	0.060628141057213626
2370.011775337457	0.042592337457008814
2375.0123647947207	0.056511794720879124
2380.0129891096913	0.05554110969140552
2385.0136497724952	0.04447577249534275
2390.0143481032633	0.05145710326341986
2395.0150851732437	0.05567917324351641
2400.0158617080306	0.0600117080305701
2405.0166779708516	0.050276970851626135
2410.0175336243847	0.051346624384814285
2415.0184275705938	0.04572757059390025
2420.019357769684	0.045947769683921454
2425.0203210416917	0.053399041691886334
2430.021312857556	0.06641185755615067
2435.022327130815	0.037205130815037436
2440.0233560262677	0.06660502626781546
2445.024389807632	0.04518780763183453
2450.0254167517332	0.03902775173318414
2455.0264231609303	0.05127616093018697
2460.0273935067303	0.06075650673030619
2465.0283107341183	0.05245873411835103
2470.029156746304	0.045883746304297986
2475.029913072504	0.04636807250374744
2480.030561697529	0.038601197529032245
2485.0310860040026	0.036696204002591395
2490.031471750705	0.03498305070488458
2495.0317079902634	0.03458519026350576
2500.0317878223955	0.03885202239545086
2505.0317088894562	0.033227989456132874
2510.0314735493826	0.03368984938273953
2515.0310887027513	0.03160750275111364
2520.030565297227	0.03093583722697634
2525.029917574324	0.029958967323898602
2530.0291621517144	0.0291627876444277
2535.0283170448824	0.02831721990241444
2540.02740072491	0.027401102069882863
2545.026431288886	0.026431288939925367
2550.025425792128	0.025425792127986527
2555.0243997634307	0.024399764473962075
2560.023366900742	0.02336690077300999
2565.0223389275448	0.022338927544785385
2570.021325580433	0.021325580432982813
2575.020334694922	0.02033469492212194
2580.0193723577922	0.0193723577921251
2585.018443098427	0.01844309842667591
2590.017550097115	0.0175500971148671
2595.016695393982	0.016695393982114098
2600.0158800873996	0.015880087399752572
2605.0151045150296	0.01510451502970697
2610.0143684139903	0.01436841399025129
2615.0136710590373	0.01367105903735276
2620.0130113792798	0.013011379279952197
2625.0123880549504	0.012388054950395829
2630.0117995962914	0.011799596291608695
2635.0112444068377	0.01124440683765522
2640.0107208333643	0.010720833364108727
2645.0102272046524	0.010227204652446299
2650.0097618610084	0.00976186100837744
2655.009323176239	0.009323176238719129
2660.0089095735516	0.008909573551710653
2665.0085195366178	0.008519536617710922
2670.0081516168198	0.00815161681982144
2675.007804437541	0.007804437541030472
2680.0074766961766	0.007476696176748607
2685.007167164428	0.007167164428002099
2690.006874687319	0.006874687318954865
2695.0065981812904	0.00659818129028119
2700.0063366316444	0.0063366316445489495
2705.006089089559	0.006089089558649032
2710.005854668829	0.0058546688290940395
2715.0056325424766	0.005632542476651988
2720.0054219393055	0.005421939305504859
2725.0052221404876	0.00522214048742151
2730.005032476222	0.005032476222050691
2735.004852322509	0.004852322509329281
2740.0046810980584	0.004681098058307456
2745.0045182613476	0.0045182613477183125
2750.0043633078467	0.004363307846799248
2755.0042157673997	0.00421576739975018
2760.0040752017735	0.0040752017734239695
2765.0039412023652	0.003941202365094701
2770.0038133880653	0.003813388065207064
2775.0036914032685	0.0036914032686904217
2780.0035749160274	0.003574916027578024
2785.0034636163373	0.0034636163371903326
2790.003357214548	0.003357214547931275
2795.003255439895	0.0032554398947360966
2800.0031580391365	0.003158039137994455
2805.003064775297	0.003064775296895221
2810.002975426502	0.002975426904382698
2815.0028897849043	0.002889785191076264
2820.002807655688	0.0028076557084670876
2825.0027288561514	0.002729032201456909
2830.002653214858	0.0026571156579163814
2835.0025805708506	0.0025805710631235934
2840.002510772926	0.0025109690163490628
2845.002443678967	0.0024842539670347757
2850.0023791553167	0.0023803119166729953
2855.0023170762083	0.002317524878481649
2860.002257323233	0.002282679233266421
2865.0021997848476	0.002367414847425215
2870.002144355917	0.0021506688172365502
2875.0020909372965	0.002482637296580438
2880.0020394354356	0.0022866754354689952
2885.001989762017	0.0024430820169754836
2890.0019418336205	0.002128063620345484
2895.001895571408	0.004559871408253636
2900.0018509008364	0.002662420836334676
2905.0018077513832	0.0019187113832695509
2910.0017660563	0.004488056299846923
2915.0017257523755	0.0029838523755485935
2920.0016867797212	0.00458157972132488
2925.0016490815674	0.0027325815673338526
2930.0016126040746	0.007498404074517156
2935.0015772961588	0.008067596158975779
2940.0015431093284	0.0031704093281921964
2945.001509997528	0.0029588975282214287
2950.001477917001	0.006705517001043333
2955.0014468261516	0.0037829261513324425
2960.001416685422	0.006013785421960245
2965.0013874571778	0.00882535717759861
2970.001359105596	0.0017114355958423623
2975.0013315965653	0.0021858865653142283
2980.00130489759	0.00264299759025689
2985.001278977701	0.008241777701154985
2990.001253807371	0.011533807370964853
2995.0012293584364	0.005504858436561963
3000.001205604025	0.009052804025045458
3005.0011825184847	0.004073118484566407
3010.0011600773196	0.008007977319371262
3015.001138257129	0.006693357128774995
3020.0011170355497	0.0017507255497994684
3025.001096391203	0.00859949120323207
3030.001076303643	0.007151603642877499
3035.0010567533077	0.003555353307792119
3040.001037721477	0.0030619214773054794
3045.001019190229	0.005228190228647628
3050.001001142397	0.0020332423970137715
3055.000983561538	0.0012730315379097935
3060.000966431892	0.00726763189163314
3065.00094973835	0.00386103834975379
3070.0009334664232	0.00268266642346943
3075.0009176022136	0.00693970221371766
3080.000902132383	0.0045245323829361086
3085.0008870441284	0.0026541441283687937
3090.0008723251567	0.00325282515682396
3095.000857963661	0.0015130636607950175
3100.000843948296	0.005244948295862136
3105.0008302681595	0.0017518181592975387
3110.00081691277	0.0016626027698026366
3115.0008038720484	0.0030715720483098655
3120.0007911363	0.010610836299786496
3125.000778696196	0.0038075961959817485
3130.0007665427593	0.00652794275906234
3135.000754667346	0.012200667346085119
3140.0007430616342	0.00406716163425871
3145.000731717607	0.003983417606949145
3150.0007206275404	0.0073950275403873045
3155.000709783991	0.006346383991038621
3160.0006991797836	0.009931179783597956
3165.0006888079997	0.014705807999574891
3170.0006786619665	0.013194661966436766
3175.0006687352475	0.009898935247278822
3180.000659021631	0.011280021630992686
3185.000649515123	0.008731815122906115
3190.0006402099357	0.004879009935868614
3195.0006311004818	0.003323800481759024
3200.0006221813633	0.001060611363392559
3205.000613447367	0.0009231773668061894
3210.000604893454	0.0007412334539024204
3215.000596514755	0.0010940347554327285
3220.000588306564	0.0021972065643029847
3225.000580264329	0.0007790143291842204
3230.0005723836484	0.0009131836484130415
3235.000564660264	0.007858660264166893
3240.000557090057	0.004303490056900218
3245.00054966904	0.0012837590400283255
3250.000542393355	0.00314909335484655
3255.0005352592657	0.010473059265672945
3260.000528263155	0.0017530631552034285
3265.00052140152	0.0029679015200688866
3270.0005146709664	0.0017332709665843476
3275.0005080682067	0.006434568206680836
3280.0005015900542	0.003365990054011068
3285.00049523342	0.011623233420220588
3290.0004889953116	0.009246095311376419
3295.0004828728247	0.001706272824545732
3300.0004768631447	0.0022562631445173825
3305.0004709635405	0.004412563540659611
3310.000465171364	0.004388671363907515
3315.000459484044	0.0004756170438742219
3320.000453899086	0.0005138860860800504
3325.000448414069	0.003967114069294196
3330.000443026643	0.005104626642983793
3335.000437734525	0.009507134524865436
3340.0004325354985	0.003892735498554535
3345.0004274274115	0.003968227411308057
3350.0004224081717	0.008450108171856483
3355.0004174757482	0.00404827574832099
3360.000412628166	0.00565282816621206
3365.0004078635066	0.007598563506505929
3370.000403179904	0.004342079903795452
3375.0003985755443	0.00885457554451212
3380.0003940486654	0.005505548665216142
3385.000389597551	0.007879197550951641
3390.0003852205336	0.010240420533664158
3395.0003809159907	0.009927415990677799
3400.0003766823434	0.012885682343229477
3405.000372518055	0.004831918055057831
3410.0003684216313	0.007448621631044511
3415.000364391616	0.007641791615905629
3420.000360426593	0.013525426592931291
3425.0003565251827	0.010362525182771197
3430.0003526860423	0.009041886042264404
3435.000348907863	0.01190190786331145
3440.0003451893717	0.008379989371787074
3445.0003415293263	0.011659529326491927
3450.000337926518	0.011490926518141624
3455.0003343797684	0.00864327976839169
3460.000330887929	0.012860887928896931
3465.0003274498804	0.010145349880403843
3470.000324064532	0.012588064531874787
3475.0003207308196	0.011263730819642598
3480.0003174477065	0.011541447706594533
3485.0003142141813	0.01240821418138429
3490.000311029258	0.010730029257671097
3495.0003078919735	0.012572891973384768
3500.00030480139	0.012221801390015738
3505.000301756592	0.012110756591929108
3510.000298756686	0.0122617566857018
3515.0002958007994	0.011789800799481895
3520.000292888082	0.012414888082369378
3525.0002900177037	0.011718017703817415
3530.0002871888532	0.011414188853053434
3535.0002844007386	0.009740000738519253
3540.0002816525875	0.009312652587329533
3545.000278943645	0.009822143644747901
3550.0002762731738	0.010814273173680071
3555.000273640454	0.009331740454183335
3560.000271044783	0.011066044782991854
3565.000268485473	0.011119485473057125
3570.000265961853	0.008603561853103122
3575.0002634732673	0.008907873267195537
3580.0002610190745	0.010448019074324659
3585.000258598648	0.009425698648001348
3590.000256211376	0.0097085113758657
3595.000253856659	0.00992385665930788
3600.000251533913	0.010513533913100778
3605.000249242565	0.010608242565043972
3610.0002469820556	0.009725682055618702
3615.0002447518377	0.00971735183765339
3620.000242551376	0.011856551375999393
3625.0002403801473	0.01047938014721659
3630.000238237639	0.010193237639268516
3635.0002361233514	0.010535123351226666
3640.000234036793	0.01171403679298368
3645.000231977485	0.010830977484975104
3650.000229944958	0.010352944957909446
3655.0002279387527	0.011205938752506209
3660.0002259584194	0.011139958419241685
3665.0002240035183	0.010477003518102206
3670.0002220736183	0.008122373618344635
3675.0002201682983	0.005048768298263834
3680.000218287145	0.008549487144966892
3685.0002164297543	0.009654429754153872
3690.00021459573	0.009906795729904898
3695.0002127846847	0.010344784684473337
3700.000210996238	0.011088996238084884
3705.0002092300188	0.0109792300187424
3710.000207485662	0.009571485662036252
3715.0002057628108	0.00943116281096002
3720.0002040611157	0.0105800611157314
3725.0002023802335	0.010900380233618116
3730.0002007198286	0.00947141982876869
3735.000199079572	0.008782779572047929
3740.000197459141	0.009046859140876957
3745.0001958582193	0.010526858219077668
3750.0001942764966	0.009484576496721457
3755.00019271367	0.009184513669982087
3760.0001911694408	0.009054469440992571
3765.000189643518	0.008739843517705952
3770.000188135614	0.009312435613759827
3775.000186645448	0.009238745448344568
3780.000185172746	0.009759772746075035
3785.0001837172367	0.008996017236865762
3790.0001822786558	0.007938678655809443
3795.000180856743	0.009050056743058676
3800.0001794512436	0.0100386512437108
3805.0001780619077	0.009482961907695809
3810.00017668849	0.008421788489667181
3815.000175330749	0.00793223074889558
3820.000173988449	0.009828988449165325
3825.0001726613586	0.009678261358673557
3830.0001713492497	0.009763849249932009
3835.0001700518997	0.007861651899671305
3840.0001687690888	0.009144369088747748
3845.000167500602	0.008947600602052456
3850.000166246228	0.008993646228422844
3855.0001650057607	0.00867350576055636
3860.000163778995	0.008157778994926378
3865.000162565732	0.008261465731700253
3870.0001613657746	0.007521765774659413
3875.0001601789313	0.006922178931121458
3880.000159005012	0.006693005011864217
3885.000157843831	0.006929543831051686
3890.000156695206	0.0070384952061618
3895.000155558958	0.0076315589579160105
3900.00015443491	0.008079834910210578
3905.00015332289	0.008080222890049556
3910.0001522227276	0.007287522727479429
3915.0001511342557	0.007137934255525328
3920.0001500573103	0.007096657310128802
3925.00014899173	0.007000991730087103
3930.000147937357	0.007198137356993932
3935.000146894035	0.007500994035181602
3940.0001458616116	0.00754856161166461
3945.000144839936	0.007686039936084534
3950.0001438288605	0.007771528860656261
3955.0001428282403	0.007862728240115475
3960.0001418379316	0.007890037931667405
3965.000140857795	0.007946557794936767
3970.000139887692	0.007820487691918895
3975.000138927487	0.007648627486932
3980.0001379770465	0.007525177046570568
3985.0001370362397	0.00756973623965982
3990.000136104937	0.007508404937211241
3995.0001351830124	0.007345183012379133
4000.0001342703404	0.007238570340418175
